S -> 0
0 0 54 0 0 0 0 0 0 0 0 0 0 0 0 0 0 0 
S -> 1
0 3 0 0 0 0 0 0 0 0 0 0 0 0 0 0 0 0 
S -> 2
0 3 0 0 0 0 0 0 0 0 0 0 0 0 0 0 0 0 
S -> 3
0 0 54 0 0 0 0 0 0 0 0 0 0 0 0 0 0 0 
S -> 4
0 3 0 0 0 0 0 0 0 0 0 0 0 0 0 0 0 0 
S -> 5
0 3 0 0 0 0 0 0 0 0 0 0 0 0 0 0 0 0 
S -> 6
0 0 54 0 0 0 0 0 0 0 0 0 0 0 0 0 0 0 
S -> 7
0 3 0 0 0 0 0 0 0 0 0 0 0 0 0 0 0 0 
S -> 8
0 3 0 0 0 0 0 0 0 0 0 0 0 0 0 0 0 0 
S -> 9
0 0 54 0 0 0 0 0 0 0 0 0 0 0 0 0 0 0 
S -> 10
0 3 3 0 0 0 0 0 0 0 0 0 0 0 0 0 0 0 
S -> 11
0 3 3 0 0 0 0 0 0 0 0 0 0 0 0 0 0 0 
S -> 12
0 0 54 0 0 0 0 0 0 0 0 0 0 0 0 0 0 0 
S -> 13
0 3 15 0 0 0 0 0 0 0 0 0 0 0 0 0 0 0 
S -> 14
0 3 15 0 0 0 0 0 0 0 0 0 0 0 0 0 0 0 
S -> 15
0 0 54 0 0 0 0 0 0 0 0 0 0 0 0 0 0 0 
S -> 16
0 3 0 0 0 0 0 0 0 0 0 0 0 0 0 0 0 0 
S -> 17
0 3 0 0 0 0 0 0 0 0 0 0 0 0 0 0 0 0 





