S -> 0
0 8 0 0 0 0 0 0 0 
S -> 1
0 8 0 0 0 0 0 0 0 
S -> 2
0 8 0 0 0 0 0 0 0 
S -> 3
0 8 0 0 0 0 0 0 0 
S -> 4
0 8 0 0 0 0 0 0 0 
S -> 5
0 8 0 0 0 0 0 0 0 
S -> 6
0 8 0 0 0 0 0 0 0 
S -> 7
0 8 0 0 0 0 0 0 0 
S -> 8
0 8 0 0 0 0 0 0 0 


chromosomes & fitness
111111111 12
000000000 9
100111111 9
111100111 9
111111100 9
111111101 8
111110111 8
111101111 8
111111110 8
111100000 8
110111111 8
101111111 8
000000001 8
100000111 8
010000000 8
001000000 8
000111100 8
000000010 8
000010000 8
000001000 8
011000000 7
000010010 7
000111101 7
000111110 7
001000001 7
001000010 7
001001000 7
001010000 7
001111100 7
010000001 7
010000010 7
010001000 7
010010000 7
010111100 7
000000100 7
100000000 7
100001111 7
100010111 7
101000111 7
110000111 7
000001010 7
000001001 7
111100001 7
111100010 7
000000011 7
111101000 7
111110000 7
000010001 7
000100000 7
000011000 7
010111110 6
100010000 6
100001000 6
100000010 6
100000001 6
001111101 6
011111100 6
011010000 6
011001000 6
011000010 6
011000001 6
000100001 6
001111110 6
010111101 6
000110000 6
000100010 6
010100000 6
010011000 6
010010010 6
010010001 6
010001010 6
010001001 6
010000100 6
010000011 6
000011010 6
000010011 6
000010100 6
000000101 6
111111000 6
000000110 6
111110010 6
111110001 6
111101010 6
111101001 6
111100100 6
111100011 6
000011001 6
100011111 6
111000111 6
110010111 6
110001111 6
110000000 6
000001011 6
101010111 6
101001111 6
101000000 6
000001100 6
100111100 6
100100111 6
001000011 6
001001010 6
001011000 6
000111111 6
001000100 6
001010010 6
001100000 6
001001001 6
000101000 6
001010001 6
010110000 5
111010111 5
011011000 5
101111100 5
110111100 5
100011000 5
010101000 5
011111101 5
100100000 5
011111110 5
000011011 5
010100010 5
010100001 5
001011001 5
111100101 5
111100110 5
101100111 5
010011010 5
001011010 5
001010011 5
111000000 5
000001101 5
001001100 5
100001001 5
011001010 5
011001001 5
100001010 5
011010001 5
011010010 5
011000100 5
011000011 5
100000011 5
001010100 5
010111111 5
110000010 5
110000001 5
001001011 5
100010001 5
100010010 5
100000100 5
111001111 5
010011001 5
000101010 5
111110011 5
100110111 5
000001110 5
001111111 5
001100001 5
001100010 5
101010000 5
001000101 5
000000111 5
000010101 5
000101001 5
100111101 5
111101100 5
111110100 5
100111110 5
110010000 5
111111010 5
001000110 5
101000001 5
001110000 5
101000010 5
110011111 5
111111001 5
010001011 5
000010110 5
011100000 5
101011111 5
010010100 5
010010011 5
100101111 5
000011100 5
000100011 5
110001000 5
110100111 5
010001100 5
000110001 5
000111000 5
111101011 5
000100100 5
000110010 5
010000110 5
101001000 5
001101000 5
010000101 5
110111110 4
110010001 4
011110000 4
100000101 4
000101011 4
110001010 4
001001101 4
001001110 4
110000100 4
110001001 4
011111111 4
110010010 4
101101111 4
101001001 4
000011101 4
101001010 4
101000100 4
101000011 4
001000111 4
101010001 4
101010010 4
101011000 4
001100011 4
100110000 4
101100000 4
100101000 4
100000110 4
100100010 4
100100001 4
101110111 4
101111101 4
101111110 4
100011010 4
100011001 4
000011110 4
100010100 4
100010011 4
110000011 4
100001100 4
100001011 4
000111010 4
001011100 4
001011011 4
010010101 4
010010110 4
010011011 4
010011100 4
000010111 4
010100011 4
010100100 4
000111001 4
010101001 4
010101010 4
000001111 4
111011111 4
010110001 4
010110010 4
111010000 4
010111000 4
111110101 4
001100100 4
000110011 4
001101001 4
001101010 4
111111011 4
000110100 4
001110001 4
001110010 4
111110110 4
000101100 4
001111000 4
111101110 4
111101101 4
000100110 4
000100101 4
010000111 4
010001101 4
010001110 4
011101000 4
110111101 4
011010100 4
011010011 4
111000001 4
011100010 4
111000010 4
011011001 4
011001100 4
011001011 4
110100000 4
011011010 4
011000110 4
110110111 4
011000101 4
001010101 4
011100001 4
001010110 4
110101111 4
110011000 4
111001000 4
110000101 3
110000110 3
101001100 3
101011001 3
110100010 3
000110110 3
110100001 3
110001011 3
110001100 3
000110101 3
110011010 3
101001011 3
110011001 3
110010011 3
110010100 3
101110000 3
111001010 3
111010001 3
111010010 3
111000100 3
111011000 3
000101101 3
111000011 3
000101110 3
000111011 3
110101000 3
101101000 3
101100010 3
101100001 3
100110001 3
101011010 3
111001001 3
110110000 3
101010100 3
101010011 3
010111010 3
010100110 3
010101011 3
010101100 3
100100100 3
100100011 3
010110100 3
010111001 3
100011100 3
100011011 3
100010110 3
100010101 3
000011111 3
100001110 3
100001101 3
001001111 3
010110011 3
011111000 3
001010111 3
011000111 3
011001101 3
011001110 3
011010101 3
011110010 3
011110001 3
011010110 3
011011011 3
011011100 3
011101010 3
011101001 3
011100011 3
011100100 3
001011101 3
001110011 3
001110100 3
100110010 3
001101100 3
100111000 3
010100101 3
001111001 3
001111010 3
001101011 3
000100111 3
001011110 3
100101010 3
100101001 3
101000101 3
010011110 3
010001111 3
001100101 3
010011101 3
010010111 3
001100110 3
101000110 3
110101001 2
110100011 2
001101110 2
001101101 2
110100100 2
011010111 2
110101010 2
011011110 2
110111000 2
011011101 2
010111011 2
001100111 2
110110010 2
110110001 2
010110110 2
010100111 2
010011111 2
010101101 2
111011010 2
111011001 2
010101110 2
111010100 2
111010011 2
000101111 2
010110101 2
011001111 2
111001100 2
111001011 2
001011111 2
001111011 2
000110111 2
111000110 2
001110110 2
111000101 2
001110101 2
101100100 2
110001110 2
110001101 2
011110100 2
011111001 2
011111010 2
100011101 2
101111000 2
100011110 2
101110010 2
101110001 2
101101010 2
101101001 2
100100101 2
100100110 2
011100110 2
101100011 2
100101011 2
100101100 2
101011100 2
101011011 2
100110011 2
101010110 2
101010101 2
100110100 2
100111001 2
100111010 2
101001110 2
101001101 2
110010110 2
011100101 2
110011100 2
110011011 2
011101011 2
011110011 2
011101100 2
110010101 2
111011011 1
001110111 1
111011100 1
011011111 1
001101111 1
110011110 1
101101100 1
101101011 1
110011101 1
110110100 1
110110011 1
101100110 1
101100101 1
110101011 1
101011110 1
101011101 1
100101110 1
110101100 1
100101101 1
101110011 1
100111011 1
011101110 1
011110101 1
011110110 1
011101101 1
110100101 1
011111011 1
110111010 1
010110111 1
110100110 1
101111010 1
111001101 1
111001110 1
101111001 1
110111001 1
011100111 1
100110110 1
101110100 1
111010101 1
111010110 1
010101111 1
100110101 1
101101101 0
110101101 0
110101110 0
110110101 0
101101110 0
111011110 0
111011101 0
110110110 0
101110101 0
101110110 0
101111011 0
110111011 0
011110111 0
011101111 0

