S -> 0
{1 2 } -> 0
0 0 1 0 0 0 0 0 0 0 0 0 
S -> 1
{0 2 } -> 1
0 0 1 0 0 0 0 0 0 0 0 0 
S -> 2
{0 1 } -> 2
0 0 1 0 0 0 0 0 0 0 0 0 
S -> 3
{4 5 6 } -> 3
0 0 0 1 0 0 0 0 0 0 0 0 
S -> 4
{3 5 6 } -> 4
0 0 0 1 0 0 0 0 0 0 0 0 
S -> 5
{3 4 6 } -> 5
0 0 0 1 0 0 0 0 0 0 0 0 
S -> 6
{3 4 5 } -> 6
0 0 0 1 0 0 0 0 0 0 0 0 
S -> 7
{8 9 10 11 } -> 7
0 0 0 0 1 0 0 0 0 0 0 0 
S -> 8
{7 9 10 11 } -> 8
0 0 0 0 1 0 0 0 0 0 0 0 
S -> 9
{7 8 10 11 } -> 9
0 0 0 0 1 0 0 0 0 0 0 0 
S -> 10
{7 8 9 11 } -> 10
0 0 0 0 1 0 0 0 0 0 0 0 
S -> 11
{7 8 9 10 } -> 11
0 0 0 0 1 0 0 0 0 0 0 0 


